100
597
98 99 1.0
97 98 1.0
97 99 2.0
96 97 1.0
96 98 2.0
96 99 3.0
95 96 1.0
95 97 2.0
95 98 3.0
95 99 4.0
95 70 -25.0
94 95 1.0
94 96 2.0
94 97 3.0
94 98 4.0
94 99 5.0
93 94 1.0
93 95 2.0
93 96 3.0
93 97 4.0
93 98 5.0
93 99 6.0
92 93 1.0
92 94 2.0
92 95 3.0
92 96 4.0
92 97 5.0
92 98 6.0
92 80 -12.0
91 92 1.0
91 93 2.0
91 94 3.0
91 95 4.0
91 96 5.0
91 97 6.0
91 73 -18.0
90 91 1.0
90 92 2.0
90 93 3.0
90 94 4.0
90 95 5.0
90 96 6.0
89 90 1.0
89 91 2.0
89 92 3.0
89 93 4.0
89 94 5.0
89 95 6.0
88 89 1.0
88 90 2.0
88 91 3.0
88 92 4.0
88 93 5.0
88 94 6.0
88 67 -21.0
87 88 1.0
87 89 2.0
87 90 3.0
87 91 4.0
87 92 5.0
87 93 6.0
86 87 1.0
86 88 2.0
86 89 3.0
86 90 4.0
86 91 5.0
86 92 6.0
85 86 1.0
85 87 2.0
85 88 3.0
85 89 4.0
85 90 5.0
85 91 6.0
84 85 1.0
84 86 2.0
84 87 3.0
84 88 4.0
84 89 5.0
84 90 6.0
84 41 -43.0
83 84 1.0
83 85 2.0
83 86 3.0
83 87 4.0
83 88 5.0
83 89 6.0
82 83 1.0
82 84 2.0
82 85 3.0
82 86 4.0
82 87 5.0
82 88 6.0
81 82 1.0
81 83 2.0
81 84 3.0
81 85 4.0
81 86 5.0
81 87 6.0
80 81 1.0
80 82 2.0
80 83 3.0
80 84 4.0
80 85 5.0
80 86 6.0
79 80 1.0
79 81 2.0
79 82 3.0
79 83 4.0
79 84 5.0
79 85 6.0
78 79 1.0
78 80 2.0
78 81 3.0
78 82 4.0
78 83 5.0
78 84 6.0
77 78 1.0
77 79 2.0
77 80 3.0
77 81 4.0
77 82 5.0
77 83 6.0
77 59 -18.0
76 77 1.0
76 78 2.0
76 79 3.0
76 80 4.0
76 81 5.0
76 82 6.0
75 76 1.0
75 77 2.0
75 78 3.0
75 79 4.0
75 80 5.0
75 81 6.0
74 75 1.0
74 76 2.0
74 77 3.0
74 78 4.0
74 79 5.0
74 80 6.0
73 74 1.0
73 75 2.0
73 76 3.0
73 77 4.0
73 78 5.0
73 79 6.0
72 73 1.0
72 74 2.0
72 75 3.0
72 76 4.0
72 77 5.0
72 78 6.0
71 72 1.0
71 73 2.0
71 74 3.0
71 75 4.0
71 76 5.0
71 77 6.0
70 71 1.0
70 72 2.0
70 73 3.0
70 74 4.0
70 75 5.0
70 76 6.0
69 70 1.0
69 71 2.0
69 72 3.0
69 73 4.0
69 74 5.0
69 75 6.0
68 69 1.0
68 70 2.0
68 71 3.0
68 72 4.0
68 73 5.0
68 74 6.0
67 68 1.0
67 69 2.0
67 70 3.0
67 71 4.0
67 72 5.0
67 73 6.0
66 67 1.0
66 68 2.0
66 69 3.0
66 70 4.0
66 71 5.0
66 72 6.0
65 66 1.0
65 67 2.0
65 68 3.0
65 69 4.0
65 70 5.0
65 71 6.0
64 65 1.0
64 66 2.0
64 67 3.0
64 68 4.0
64 69 5.0
64 70 6.0
63 64 1.0
63 65 2.0
63 66 3.0
63 67 4.0
63 68 5.0
63 69 6.0
62 63 1.0
62 64 2.0
62 65 3.0
62 66 4.0
62 67 5.0
62 68 6.0
61 62 1.0
61 63 2.0
61 64 3.0
61 65 4.0
61 66 5.0
61 67 6.0
60 61 1.0
60 62 2.0
60 63 3.0
60 64 4.0
60 65 5.0
60 66 6.0
59 60 1.0
59 61 2.0
59 62 3.0
59 63 4.0
59 64 5.0
59 65 6.0
58 59 1.0
58 60 2.0
58 61 3.0
58 62 4.0
58 63 5.0
58 64 6.0
58 49 -9.0
57 58 1.0
57 59 2.0
57 60 3.0
57 61 4.0
57 62 5.0
57 63 6.0
56 57 1.0
56 58 2.0
56 59 3.0
56 60 4.0
56 61 5.0
56 62 6.0
56 64 10.0
55 56 1.0
55 57 2.0
55 58 3.0
55 59 4.0
55 60 5.0
55 61 6.0
54 55 1.0
54 56 2.0
54 57 3.0
54 58 4.0
54 59 5.0
54 60 6.0
54 94 10.0
53 54 1.0
53 55 2.0
53 56 3.0
53 57 4.0
53 58 5.0
53 59 6.0
52 53 1.0
52 54 2.0
52 55 3.0
52 56 4.0
52 57 5.0
52 58 6.0
51 52 1.0
51 53 2.0
51 54 3.0
51 55 4.0
51 56 5.0
51 57 6.0
50 51 1.0
50 52 2.0
50 53 3.0
50 54 4.0
50 55 5.0
50 56 6.0
49 50 1.0
49 51 2.0
49 52 3.0
49 53 4.0
49 54 5.0
49 55 6.0
48 49 1.0
48 50 2.0
48 51 3.0
48 52 4.0
48 53 5.0
48 54 6.0
47 48 1.0
47 49 2.0
47 50 3.0
47 51 4.0
47 52 5.0
47 53 6.0
46 47 1.0
46 48 2.0
46 49 3.0
46 50 4.0
46 51 5.0
46 52 6.0
45 46 1.0
45 47 2.0
45 48 3.0
45 49 4.0
45 50 5.0
45 51 6.0
44 45 1.0
44 46 2.0
44 47 3.0
44 48 4.0
44 49 5.0
44 50 6.0
43 44 1.0
43 45 2.0
43 46 3.0
43 47 4.0
43 48 5.0
43 49 6.0
43 33 -10.0
42 43 1.0
42 44 2.0
42 45 3.0
42 46 4.0
42 47 5.0
42 48 6.0
41 42 1.0
41 43 2.0
41 44 3.0
41 45 4.0
41 46 5.0
41 47 6.0
40 41 1.0
40 42 2.0
40 43 3.0
40 44 4.0
40 45 5.0
40 46 6.0
40 69 10.0
39 40 1.0
39 41 2.0
39 42 3.0
39 43 4.0
39 44 5.0
39 45 6.0
38 39 1.0
38 40 2.0
38 41 3.0
38 42 4.0
38 43 5.0
38 44 6.0
37 38 1.0
37 39 2.0
37 40 3.0
37 41 4.0
37 42 5.0
37 43 6.0
36 37 1.0
36 38 2.0
36 39 3.0
36 40 4.0
36 41 5.0
36 42 6.0
35 36 1.0
35 37 2.0
35 38 3.0
35 39 4.0
35 40 5.0
35 41 6.0
35 65 10.0
34 35 1.0
34 36 2.0
34 37 3.0
34 38 4.0
34 39 5.0
34 40 6.0
33 34 1.0
33 35 2.0
33 36 3.0
33 37 4.0
33 38 5.0
33 39 6.0
32 33 1.0
32 34 2.0
32 35 3.0
32 36 4.0
32 37 5.0
32 38 6.0
31 32 1.0
31 33 2.0
31 34 3.0
31 35 4.0
31 36 5.0
31 37 6.0
30 31 1.0
30 32 2.0
30 33 3.0
30 34 4.0
30 35 5.0
30 36 6.0
29 30 1.0
29 31 2.0
29 32 3.0
29 33 4.0
29 34 5.0
29 35 6.0
28 29 1.0
28 30 2.0
28 31 3.0
28 32 4.0
28 33 5.0
28 34 6.0
27 28 1.0
27 29 2.0
27 30 3.0
27 31 4.0
27 32 5.0
27 33 6.0
26 27 1.0
26 28 2.0
26 29 3.0
26 30 4.0
26 31 5.0
26 32 6.0
25 26 1.0
25 27 2.0
25 28 3.0
25 29 4.0
25 30 5.0
25 31 6.0
24 25 1.0
24 26 2.0
24 27 3.0
24 28 4.0
24 29 5.0
24 30 6.0
23 24 1.0
23 25 2.0
23 26 3.0
23 27 4.0
23 28 5.0
23 29 6.0
22 23 1.0
22 24 2.0
22 25 3.0
22 26 4.0
22 27 5.0
22 28 6.0
22 89 10.0
21 22 1.0
21 23 2.0
21 24 3.0
21 25 4.0
21 26 5.0
21 27 6.0
21 8 -13.0
20 21 1.0
20 22 2.0
20 23 3.0
20 24 4.0
20 25 5.0
20 26 6.0
19 20 1.0
19 21 2.0
19 22 3.0
19 23 4.0
19 24 5.0
19 25 6.0
18 19 1.0
18 20 2.0
18 21 3.0
18 22 4.0
18 23 5.0
18 24 6.0
17 18 1.0
17 19 2.0
17 20 3.0
17 21 4.0
17 22 5.0
17 23 6.0
17 62 10.0
16 17 1.0
16 18 2.0
16 19 3.0
16 20 4.0
16 21 5.0
16 22 6.0
15 16 1.0
15 17 2.0
15 18 3.0
15 19 4.0
15 20 5.0
15 21 6.0
14 15 1.0
14 16 2.0
14 17 3.0
14 18 4.0
14 19 5.0
14 20 6.0
13 14 1.0
13 15 2.0
13 16 3.0
13 17 4.0
13 18 5.0
13 19 6.0
13 30 10.0
12 13 1.0
12 14 2.0
12 15 3.0
12 16 4.0
12 17 5.0
12 18 6.0
11 12 1.0
11 13 2.0
11 14 3.0
11 15 4.0
11 16 5.0
11 17 6.0
10 11 1.0
10 12 2.0
10 13 3.0
10 14 4.0
10 15 5.0
10 16 6.0
10 44 10.0
9 10 1.0
9 11 2.0
9 12 3.0
9 13 4.0
9 14 5.0
9 15 6.0
8 9 1.0
8 10 2.0
8 11 3.0
8 12 4.0
8 13 5.0
8 14 6.0
7 8 1.0
7 9 2.0
7 10 3.0
7 11 4.0
7 12 5.0
7 13 6.0
6 7 1.0
6 8 2.0
6 9 3.0
6 10 4.0
6 11 5.0
6 12 6.0
5 6 1.0
5 7 2.0
5 8 3.0
5 9 4.0
5 10 5.0
5 11 6.0
5 26 10.0
4 5 1.0
4 6 2.0
4 7 3.0
4 8 4.0
4 9 5.0
4 10 6.0
3 4 1.0
3 5 2.0
3 6 3.0
3 7 4.0
3 8 5.0
3 9 6.0
2 3 1.0
2 4 2.0
2 5 3.0
2 6 4.0
2 7 5.0
2 8 6.0
1 2 1.0
1 3 2.0
1 4 3.0
1 5 4.0
1 6 5.0
1 7 6.0
0 1 1.0
0 2 2.0
0 3 3.0
0 4 4.0
0 5 5.0
0 6 6.0
